653159
267853
777820
375951
833820
723985
988230
882388
775839
683704
967127
555787
30414
881168
488240
813651
989181
261150
680499
54372
944662
164470
118705
389853
491854
910631
258550
399253
570174
106927
601820
261442
13751
766701
227257
427977
293058
190920
960857
909596
802921
408354
167357
798936
835869
75425
145508
647942
647445
466444
132853
138664
1861
913734
5571
219630
811171
225948
173913
914785
174571
303358
328887
208550
565416
918677
710756
656125
214726
190493
986684
724190
206442
937156
401838
313302
22618
378735
435061
174017
981249
152779
276626
68303
347974
315997
857106
632406
614613
3547
624929
710865
742052
354310
69229
325014
372612
858278
320931
504097
730249
331133
193748
504594
495492
738899
184675
59769
268626
984625
23976
995329
786217
375016
885921
423933
18945
575737
826003
439172
383972
394647
606620
882097
9519
474818
48996
742138
189707
654010
206067
124802
792447
258040
974814
859300
987804
484657
361110
537391
372027
936075
550189
263081
813278
485333
113301
618411
784752
818924
835952
385139
901454
310235
38410
454008
991743
95609
218610
357292
537793
640499
380240
962684
155394
356473
289067
969091
736736
571624
96545
327627
719287
332188
321043
186098
837574
81994
657253
156099
756164
722651
324328
507294
169375
755109
50910
84890
629826
559447
968471
425604
33372
248865
776531
622812
360534
866433
262363
477799
682587
442244
152703
58413
960568
669331
34310
840606
517539
350418
879156
217118
136914
767205
591446
995935
139226
661021
940044
826287
433924
111810
177021
455664
391116
156495
61625
885767
441079
309133
148061
475167
966790
650538
893651
177513
547560
475571
511871
722300
764941
333134
502312
287347
305159
492915
423403
945669
153623
118028
395313
861987
557582
188110
657420
982667
523577
909953
354920
188869
93467
515754
285537
540204
820006
574725
909520
527249
378878
66174
824204
833777
812539
372977
728337
616021
696273
35985
796538
320548
381085
586483
738689
700771
294494
875804
509277
277724
807138
724443
750764
308126
991478
356592
681251
187327
608867
893200
12143
497343
573561
811301
262869
341736
704268
286979
485426
302856
856350
524654
678886
706360
836371
373891
364783
287179
675349
362368
773668
983055
868418
428310
367048
967136
883823
180851
912168
909085
721773
471632
381969
350580
543308
148749
555053
174244
208302
877259
379614
982915
895331
500421
296598
725012
82666
754645
703445
765831
436871
180173
646741
818278
981702
609060
541542
697886
981919
441232
317368
654035
580080
812336
909249
667803
283855
755409
28963
205100
167796
614935
462493
654386
681697
189522
229678
795866
719278
189302
661510
753362
43895
494493
237232
173796
56773
935130
140013
116212
332766
190366
506107
202752
574955
37389
435672
487934
368154
398772
694706
641512
75473
618832
214293
249400
752893
947055
392178
692
367547
425067
998356
292057
897428
429960
908487
120664
722317
871754
573825
392041
37813
576646
643368
316022
99427
309624
571705
537550
355858
997303
609113
307433
368698
858282
135433
439460
429122
852481
591313
673496
564538
387388
490180
149015
164390
624885
401338
591249
500203
208831
139442
638173
95243
368171
861126
936868
693799
993
400402
113160
341879
593296
960994
645050
565626
147535
341248
660032
919076
934576
591705
394105
450049
452653
237330
517378
305654
502870
742704
398228
402539
896495
958133
166752
624752
622802
272445
777022
315414
520414
263264
435674
20626
334655
991088
322424
515642
974698
300310
150251
500103
24929
127806
692121
651885
465009
257425
307340
41918
819678
143067
866968
411449
13844
503627
558434
587533
287087
255298
980683
497316
819889
38548
257593
513926
280691
884907
162283
756501
299608
307430
516176
637573
497687
543392
676202
905426
633186
923438
779588
938478
123919
16958
797335
132154
315296
296062
559413
742420
352449
643376
311240
766798
555606
27908
486892
366754
378577
714878
781207
852112
619503
138914
38198
2973
264684
580101
477745
719043
961096
112827
931073
720812
572094
200466
15267
450542
816193
846757
448509
623789
603604
722487
742581
999573
662946
680383
505286
900404
956002
882062
404197
498828
410900
715472
893283
754565
206011
942562
310848
487676
870342
795026
69262
318400
876901
3383
728363
816838
453844
610389
300271
679890
818653
495399
954912
326055
149615
173486
501651
729004
575768
931859
521857
346802
564075
160985
446232
614310
567705
851258
50912
71742
768222
241192
280184
859406
89334
830210
65973
695836
987932
26794
349229
757699
450191
72042
424944
735311
510332
51267
129368
882966
128300
229881
644408
677104
864393
998501
116555
747051
938314
141165
306701
740057
962590
459245
157003
191979
640273
194286
434043
841016
169009
70493
652638
223492
45678
582495
113471
692282
397619
781740
75501
293465
60357
598845
603199
124103
778397
417889
921129
654017
140858
10453
452639
95879
329850
718774
629373
513218
513361
370569
984128
688028
392375
959231
58459
144947
731168
309040
158449
596270
662014
710879
530415
304335
954647
987728
581845
576594
651037
231306
276034
66255
578473
247078
266537
873052
787038
297210
542109
140279
847279
245807
905448
389246
475359
772541
407795
188031
137555
747945
19599
686831
358198
89384
601070
700399
37692
95607
905324
130853
531069
622827
475530
250174
408789
919524
485108
503807
338990
112799
835152
556481
30892
568433
760224
403302
56265
889447
158126
990505
998287
450190
714198
832996
233924
786020
121716
87846
955680
697368
515318
860457
221774
146554
735565
655147
394127
371508
876417
246435
303879
349453
975741
643571
739587
365608
834710
404486
396507
143052
757829
871472
375717
679361
310286
843582
662008
454447
892942
379813
542628
38116
621414
601105
225318
776114
189305
414722
66355
101710
38904
34776
195393
212239
205099
41369
513832
932454
982639
504356
693368
797282
365447
460
447729
493026
315145
932998
980005
649556
966486
449466
338961
488189
484335
104593
200909
162186
685099
166766
74648
392832
911283
404391
911124
923106
492474
159503
578880
266408
115591
290908
858181
169384
786817
300996
704628
246591
34763
505451
939899
33654
361023
969429
788527
386891
331418
983503
61754
721120
22798
706544
478840
494646
890029
991328
163545
123641
823499
701041
340042
305241
475925
707228
251604
764724
171157
35160
210787
749529
26141
602637
241667
688357
82002
647581
420553
955958
741041
381947
713582
326987
193437
490772
379018
296897
70127
767922
752802
490773
171288
813529
252217
184177
704838
218910
986166
46054
677247
638248
451567
761708
283861
6577
484352
63823
475040
817116
714423
430093
178003
47131
34885
575056
876125
877938
544147
592655
367015
985142
98371
751342
74677
248507
942451
842209
515018
96413
981190
494157
56373
715958
255290
675540
52908
521580
416619
819512
63060
50227
267837
873912
427265
467535
320810
671606
53835
917592
39431
996289
203945
188100
729525
533336
671669
421902
197194
557117
245076
88457
971961
329135
829212
113225
91036
568262
966055
