653159
267853
777820
375951
833820
723985
988230
882388
775839
683704
967127
555787
30414
881168
488240
813651
989181
261150
680499
54372
944662
164470
118705
389853
491854
910631
258550
399253
570174
106927
601820
261442
13751
766701
227257
427977
293058
190920
960857
909596
802921
408354
167357
798936
835869
75425
145508
647942
647445
466444
132853
138664
1861
913734
5571
219630
811171
225948
173913
914785
174571
303358
328887
208550
565416
918677
710756
656125
214726
190493
986684
724190
206442
937156
401838
313302
22618
378735
435061
174017
981249
152779
276626
68303
347974
315997
857106
632406
614613
3547
624929
710865
742052
354310
69229
325014
372612
858278
320931
504097
730249
331133
193748
504594
495492
738899
184675
59769
268626
984625
23976
995329
786217
375016
885921
423933
18945
575737
826003
439172
383972
394647
606620
882097
9519
474818
48996
742138
189707
654010
206067
124802
792447
258040
974814
859300
987804
484657
361110
537391
372027
936075
550189
263081
813278
485333
113301
618411
784752
818924
835952
385139
901454
310235
38410
454008
991743
95609
218610
357292
537793
640499
380240
962684
155394
356473
289067
969091
736736
571624
96545
327627
719287
332188
321043
186098
837574
81994
657253
156099
756164
722651
324328
507294
169375
755109
50910
84890
629826
559447
968471
425604
33372
248865
776531
622812
360534
866433
262363
477799
682587
442244
152703
58413
960568
669331
34310
840606
517539
350418
879156
217118
136914
767205
591446
995935
139226
661021
940044
826287
433924
111810
177021
455664
391116
156495
61625
885767
441079
309133
148061
475167
966790
650538
893651
177513
547560
475571
511871
722300
764941
333134
502312
287347
305159
492915
423403
945669
153623
118028
395313
861987
557582
188110
657420
982667
523577
909953
354920
188869
93467
515754
285537
540204
820006
574725
909520
527249
378878
66174
824204
833777
812539
372977
728337
616021
696273
35985
796538
320548
381085
586483
738689
700771
294494
875804
509277
277724
807138
724443
750764
308126
991478
356592
681251
187327
608867
893200
12143
497343
573561
811301
262869
341736
704268
286979
485426
302856
856350
524654
678886
706360
836371
373891
364783
287179
675349
362368
773668
983055
868418
428310
367048
967136
883823
180851
912168
909085
721773
471632
381969
350580
543308
148749
555053
174244
208302
877259
379614
982915
895331
500421
296598
725012
82666
754645
703445
765831
436871
180173
646741
818278
981702
609060
541542
697886
981919
441232
317368
654035
580080
812336
909249
667803
283855
755409
28963
205100
167796
614935
462493
654386
681697
189522
229678
795866
719278
189302
661510
753362
43895
494493
237232
173796
56773
935130
140013
116212
332766
190366
506107
202752
574955
37389
435672
487934
368154
398772
694706
641512
75473
618832
214293
249400
752893
947055
392178
692
367547
425067
998356
292057
897428
429960
908487
120664
722317
871754
573825
392041
37813
576646
643368
316022
99427
309624
571705
537550
355858
997303
609113
307433
368698
858282
135433
439460
429122
852481
591313
673496
564538
387388
490180
149015
164390
624885
401338
591249
500203
208831
139442
638173
95243
368171
861126
936868
693799
993
400402
113160
341879
593296
960994
645050
565626
147535
341248
660032
919076
934576
591705
394105
450049
452653
237330
517378
305654
502870
742704
398228
402539
896495
958133
166752
624752
622802
272445
777022
315414
520414
263264
435674
20626
334655
991088
322424
515642
974698
300310
150251
500103
24929
127806
692121
651885
465009
257425
307340
41918
819678
143067
866968
411449
13844
503627
558434
587533
287087
255298
980683
497316
819889
38548
257593
513926
280691
884907
162283
756501
299608
307430
516176
637573
497687
543392
676202
905426
633186
923438
779588
938478
123919
16958
797335
132154
315296
296062
559413
742420
352449
643376
311240
766798
555606
27908
486892
366754
378577
714878
781207
852112
619503
138914
38198
2973
264684
580101
477745
719043
961096
112827
931073
720812
572094
200466
15267
450542
816193
846757
448509
623789
603604
722487
742581
999573
662946
680383
505286
900404
956002
882062
404197
498828
410900
715472
893283
754565
206011
942562
310848
487676
870342
795026
69262
318400
876901
3383
728363
816838
453844
610389
300271
679890
818653
495399
954912
326055
149615
173486
501651
729004
575768
931859
521857
346802
564075
160985
446232
614310
567705
851258
50912
71742
768222
241192
280184
859406
89334
830210
65973
695836
987932
26794
349229
757699
450191
72042
424944
735311
510332
51267
129368
882966
128300
229881
644408
677104
864393
998501
116555
747051
938314
141165
306701
740057
962590
459245
157003
191979
640273
194286
434043
841016
169009
70493
652638
223492
45678
582495
113471
692282
397619
781740
75501
293465
60357
598845
603199
124103
778397
417889
921129
654017
140858
10453
452639
95879
329850
718774
629373
513218
513361
370569
984128
688028
392375
959231
58459
144947
731168
309040
158449
596270
662014
710879
530415
304335
954647
987728
581845
576594
651037
231306
276034
66255
578473
247078
266537
873052
787038
297210
542109
140279
847279
245807
905448
389246
475359
772541
407795
188031
137555
747945
19599
686831
358198
89384
601070
700399
37692
95607
905324
130853
531069
622827
475530
250174
408789
919524
485108
503807
338990
112799
835152
556481
30892
568433
760224
403302
56265
889447
158126
990505
998287
450190
714198
832996
233924
786020
121716
87846
955680
697368
515318
860457
221774
146554
735565
655147
394127
371508
876417
246435
303879
349453
975741
643571
739587
365608
834710
404486
396507
143052
757829
871472
375717
679361
310286
843582
662008
454447
892942
379813
542628
38116
621414
601105
225318
776114
189305
414722
66355
101710
38904
34776
195393
212239
205099
41369
513832
932454
982639
504356
693368
797282
365447
460
447729
493026
315145
932998
980005
649556
966486
449466
338961
488189
484335
104593
200909
162186
685099
166766
74648
392832
911283
404391
911124
923106
492474
159503
578880
266408
115591
290908
858181
169384
786817
300996
704628
246591
34763
505451
939899
33654
361023
969429
788527
386891
331418
983503
61754
721120
22798
706544
478840
494646
890029
991328
163545
123641
823499
701041
340042
305241
475925
707228
251604
764724
171157
35160
210787
749529
26141
602637
241667
688357
82002
647581
420553
955958
741041
381947
713582
326987
193437
490772
379018
296897
70127
767922
752802
490773
171288
813529
252217
184177
704838
218910
986166
46054
677247
638248
451567
761708
283861
6577
484352
63823
475040
817116
714423
430093
178003
47131
34885
575056
876125
877938
544147
592655
367015
985142
98371
751342
74677
248507
942451
842209
515018
96413
981190
494157
56373
715958
255290
675540
52908
521580
416619
819512
63060
50227
267837
873912
427265
467535
320810
671606
53835
917592
39431
996289
203945
188100
729525
533336
671669
421902
197194
557117
245076
88457
971961
329135
829212
113225
91036
568262
966055
169802
627348
79032
898385
765609
224824
655305
18253
462643
565846
374985
510174
443737
599179
805432
394923
547688
655464
139184
760887
12953
957348
792910
322553
722054
470854
934814
866559
234853
581398
121306
145454
326859
506695
91891
817790
809925
276279
859242
422154
328074
139112
136119
562833
85967
494518
256743
731039
88420
837612
449472
605010
698664
257306
289231
64426
516591
734634
260861
50364
737780
209562
834856
299911
925535
391918
928545
103317
75366
441007
806834
329178
398316
788861
806629
583096
78
939618
299797
685871
985995
796622
137933
602646
29694
463662
150440
856477
720975
687298
819294
19623
763384
49489
735237
448366
280698
111712
851523
844370
400981
589227
136571
336884
69131
321330
177589
144001
275347
521896
708728
338914
299390
35689
66609
568736
800889
774855
584292
29247
28806
127572
53089
136438
866620
374497
457132
901563
270708
995329
997677
641730
17431
242322
553058
449737
131410
380015
210957
346420
375645
13050
171227
612808
649288
867091
171090
762139
99926
281186
556072
635357
179511
661198
743895
151029
467890
801828
984127
455668
833382
450318
123944
349684
332477
467486
959438
239381
483390
625189
455243
179858
462867
50781
804783
700430
981777
168387
558472
496300
515294
624967
1693
108593
133042
853812
891821
439832
718796
54852
217639
1136
34467
953125
605018
247280
505407
739305
924622
371496
411794
486738
226093
211106
290502
861622
210927
317956
589753
540880
374330
801706
787564
823388
253292
384460
368858
848131
260297
853783
695350
881023
952544
891115
65080
648181
518391
420329
366134
150003
149764
872078
249905
513920
400108
39577
98324
177792
416275
103515
790215
752554
295119
943908
965606
208999
835161
835753
791728
339802
500328
716076
492983
905046
559693
653371
95531
839249
208647
394721
722122
10571
108567
536602
634736
615175
651105
193713
852767
407994
23296
332654
710860
28363
639884
327236
538539
401433
525531
499229
572160
737512
724157
418491
471596
825873
855143
607524
968767
980170
726460
584543
702730
64101
562790
153747
837478
436915
380420
622388
21136
712467
807362
547575
216832
297976
300307
81523
28666
91508
811322
373153
640348
608589
904845
796511
986682
749165
433171
321695
974326
15162
287937
974337
750851
245793
75532
39627
789990
92621
702484
315193
940732
368471
721079
840100
878973
977469
774492
635159
640659
589270
218885
506553
541789
96404
939661
126947
250699
358569
823846
570381
444156
412520
3103
703758
409119
396340
186786
787272
684818
553998
943232
217246
954387
710289
643332
337021
405446
339965
114194
884075
722245
932480
580304
721767
750005
392185
261109
929844
104921
223040
308131
320423
836133
280664
835896
652396
81723
940846
996658
175554
80398
663546
433100
803720
194445
235561
687732
65733
597604
593381
656900
870601
671016
921262
572438
763400
426791
437097
241972
446056
506708
554455
625185
948681
256215
317009
438592
294386
88525
634774
932615
346764
196329
442305
31959
156416
121211
310017
589902
581975
632761
590742
192809
454902
199526
341894
623400
107283
677756
824968
723753
346181
764331
79909
64374
998561
508241
144397
875177
544560
76325
333915
198559
891643
490721
676521
402789
971729
945708
240196
936846
730648
645174
881558
836575
499866
880709
105692
1663
202928
705015
164255
117022
97339
352044
159337
385554
645641
797354
109996
602903
794890
462572
771978
338435
856023
806971
842755
191926
747738
937067
968970
575753
608600
655464
911460
912727
108341
383083
107879
853750
67588
204990
216445
339923
392626
181269
480954
934171
713556
779020
802562
87851
257797
422834
987152
569865
488635
393406
5892
123258
626089
392598
139192
716936
3443
519580
399577
359241
990934
778490
75701
514522
796700
983159
756288
746953
310302
16600
122523
848871
502282
371341
787412
773131
204912
963004
360329
400654
148499
304708
949728
522988
673693
730716
803342
827326
92909
603644
115228
310346
427926
353314
988883
889206
66316
544466
453395
52842
231044
441198
249390
284226
698556
755003
76939
152918
284206
100684
580226
500754
453453
188650
567656
884828
405050
897040
979277
256929
96280
474446
373051
135283
850164
87687
5372
857713
803115
147650
378581
850001
17204
22329
263039
589645
480489
401413
910321
541870
82218
55707
229204
203253
842506
464144
12790
494811
544430
89494
292720
627410
879942
720440
493203
532480
23591
55569
167783
411792
808317
816253
524465
455811
901937
622370
985467
946190
693126
676471
648227
666737
615659
37803
226069
24976
442112
806941
758395
433329
851940
916673
863657
865791
453350
959819
941793
396927
15630
855275
792981
174666
935098
354857
155417
317695
818851
200005
442640
874730
80451
387447
227223
412699
441885
199907
284064
146019
492659
381067
300426
2503
698882
664140
129326
806636
177444
794863
479896
80649
77497
720824
399691
37659
940995
429464
928333
156843
206076
679654
19379
783657
868525
517823
333093
628004
480368
142957
490897
248047
81014
964878
382550
983108
648999
32610
15075
193779
851850
449859
89736
279653
137734
790498
685621
391058
350373
812841
225025
159361
308055
543498
939827
935746
736106
584664
94437
297420
116374
110983
674767
418829
393204
318336
386607
950468
500886
574165
609958
464900
913091
252618
596294
147290
275840
18374
571847
13244
766979
403968
140088
249060
504525
697333
740041
58615
8536
15953
808589
221587
439199
243712
528653
750993
640160
247494
831410
321620
58782
843465
524863
250108
40150
725875
404214
927071
362548
814240
22437
584852
312207
460935
471883
107522
686688
129416
969715
950194
388447
596338
555814
289046
747822
611422
982825
623082
995784
409499
396170
316431
887901
174739
619577
977158
715531
81140
675978
470521
57887
771971
222363
554424
649348
407628
103243
969421
538344
313744
857132
578526
391221
869971
428565
144708
478363
368014
66228
518294
4016
593408
592136
217436
594362
475990
44260
62731
778105
92195
122554
358720
928213
150772
392347
357336
276092
854728
289137
507463
821760
150834
777160
130407
274839
263549
869449
26020
656118
264583
407489
174281
659355
827532
257652
736112
276185
620775
919098
917749
459949
959621
940868
876978
185525
622724
143971
593102
54476
945486
775663
372323
588480
129460
10115
478038
45396
727437
864080
640683
518391
706761
913643
681147
41699
27264
617459
431387
123159
432640
756149
557039
641019
464216
641776
605080
232281
562470
995120
729955
116418
740058
67151
754140
717276
620441
97313
44601
70081
750562
482652
318602
680392
549989
935402
567394
755881
879843
72727
674358
712809
884610
286635
126378
424816
791149
320135
271216
475455
313149
313582
1571
921504
795042
338475
540806
689540
945780
522230
488145
399348
162970
687856
226915
989226
276152
329910
992764
641429
215216
479847
92487
157505
369870
82960
670983
445856
459016
651811
543335
682228
413857
183299
206231
145550
959562
515066
178046
720576
526563
468873
980780
601119
360761
956435
17882
152104
454928
280846
590544
517747
527048
562157
997117
943912
227235
582275
251440
694557
176270
439991
579095
822376
263520
876536
328736
307863
646924
113062
205603
271793
446069
374939
887119
932903
541331
277450
510329
659952
743692
671750
90459
852912
122131
723182
807279
115891
352752
100606
107954
913033
662737
298390
885353
792506
610769
187524
52262
814147
569457
402786
180580
667222
350946
759156
803047
273338
104698
428184
899459
345308
925344
100585
327081
67551
306887
751682
353513
430475
911923
428392
65762
69389
316069
72253
188894
41292
989239
99102
828938
773040
939883
530974
426367
109239
484206
436362
75192
237181
442201
28185
984909
592417
567431
304065
683190
113094
714742
536416
338999
978505
379767
991931
79462
488764
398748
107742
178432
806048
257991
120380
644924
563505
99684
87770
686499
696024
569088
399065
458727
120455
285402
321340
577696
475947
860723
448657
41056
219419
924770
539658
962840
140167
400312
688144
664644
189640
963359
201250
341505
924305
850278
746092
554709
74636
146253
321017
56182
897577
984607
672380
488630
321294
464706
579762
962164
836677
601857
666409
524467
268224
297940
174083
780309
659103
268681
478870
493376
423574
795380
744493
634245
103119
140714
624905
212568
479353
728750
996307
764435
806394
107605
466839
245371
139863
261864
175848
673794
94093
754290
468075
269506
649726
486502
898945
709687
171097
840862
732670
505220
110335
312419
608573
928015
264113
658216
373575
731618
55041
568867
755608
582456
128229
216695
801276
24879
352814
605670
620458
504646
670134
883324
512448
917428
916142
546638
964114
633200
295772
634790
350008
60681
919542
302651
139277
549371
440465
308517
434787
388420
810651
134474
303922
686887
204133
793799
997753
763672
34423
1096
511164
989490
167365
327621
894502
437762
693465
295818
441249
861660
878361
620185
708602
483335
356353
959005
767385
549683
529691
343770
746125
722666
644219
827407
834685
14898
167047
604947
518562
683632
1269
565209
829226
506197
808982
488318
877760
391309
45269
238414
561233
2173
501843
125300
772677
212414
177194
179167
894057
531944
249746
698273
869396
418812
682615
107189
403600
437927
676050
905364
240130
676958
287056
964787
10581
214982
688543
247333
609651
70192
779523
976234
528254
391289
455989
610467
321298
233840
771031
98352
390903
584660
625739
577777
794421
843938
466126
822695
719471
761893
64539
935137
273131
556408
881469
2777
154615
446405
59594
486055
15179
198741
803310
199085
111464
180555
480349
932344
459725
942515
841911
492223
499772
303138
547122
78175
26002
806627
833895
733045
804673
642314
653793
487875
875365
648504
643898
633593
750792
952455
892310
892901
647347
214305
21261
683056
927480
465523
526808
211104
69280
730268
356471
210733
104999
560031
387294
930725
93531
180528
230887
414803
3453
35144
449494
60787
314580
196625
764189
913850
407629
410459
174089
809333
999708
120005
937933
402505
722705
197036
227569
138334
422178
943817
472905
154477
428566
27609
287213
477844
550311
804957
211112
727123
720941
902076
879234
716110
279652
799789
96554
913028
243984
961699
443071
831564
851972
436304
863984
691805
943441
690231
587940
925601
865747
748264
770807
464948
768216
200019
212457
343370
610318
262512
750841
715035
909058
806767
48409
201411
861055
559387
881091
168954
383390
664028
99307
742982
635019
454032
379996
855041
150854
657755
302012
190966
7221
570625
156114
739693
445998
994198
110032
778913
6295
734996
576684
489271
868911
874522
941976
341998
761706
969368
928519
83709
511470
157727
385438
7123
61324
758049
631048
387604
793751
928552
500872
277561
842351
599300
473181
929141
963353
345205
637549
563032
432469
178977
412314
447222
585893
461718
862764
17307
240773
503708
308970
114527
856268
539023
74351
814205
563052
507584
230292
87295
697486
686764
623284
329120
98893
84970
765719
341079
427080
182546
336263
367418
898160
806815
816584
43726
324574
660060
710652
817201
129489
971965
544085
933565
86512
801703
671888
913296
960506
714652
667242
89209
42669
510749
538058
922332
492316
226974
464572
318570
158495
444799
291736
645984
471352
600202
74572
707142
541764
255380
923797
304375
871841
95241
618642
317310
76352
976366
394828
305999
433767
100602
167491
362580
656312
990953
444534
92209
359105
913143
219169
373495
714935
108984
484042
340800
103076
870528
904161
520652
344038
37145
719396
474828
734400
914065
975952
60986
623826
239158
932666
299499
324538
277180
482267
861918
932739
526823
551529
363590
538256
531484
98057
886891
535229
597412
925598
473372
433034
688747
205868
644970
763971
425184
979490
447030
130031
138097
66403
460402
338442
921624
39794
320877
824418
382950
441493
632601
985360
619141
113476
183877
9795
467572
150096
769582
320145
43431
595334
114052
618378
792097
733808
949208
50099
70779
967049
85397
309242
657021
306363
298344
452930
688411
243208
35891
454558
478733
310972
169515
728448
348322
553663
727229
534825
591351
894869
414565
882606
488890
649488
485104
888678
40561
186006
383239
497555
335082
890733
655353
92811
116694
458943
928267
286650
388486
965170
821826
356513
988617
658114
985887
120918
409155
421485
898510
471192
277472
136494
151593
783777
839204
762549
568629
479953
374659
291394
189913
181800
431670
9959
977152
716708
421518
330775
267771
204275
649529
163137
458611
955446
643359
540973
476571
124138
300278
396531
37216
203507
858099
202948
691000
425496
255528
724816
523596
917696
609138
700271
528037
27575
944697
118836
816454
581445
321310
104048
355186
353174
641500
364521
170211
888155
979535
13246
47634
205707
523787
34671
286631
498504
551611
214841
47820
965980
235116
346143
826328
329713
231764
386013
478201
17730
34050
732629
127940
795873
201156
113937
727230
326936
125379
259738
942633
68489
665174
115219
809719
938732
776148
612868
965051
966589
876287
368032
820665
353564
267391
430761
177310
814782
283072
321132
68606
410306
183962
252737
754854
514890
879055
10996
804386
319524
492671
890821
243521
892286
57913
764920
782924
766974
792637
956051
989205
584233
228904
401934
697446
601042
101738
296148
507979
38230
721051
272589
3733
479824
154515
125997
777380
84522
969254
259310
335295
386030
252855
644329
510632
6929
877603
730456
780535
2030
621165
992338
337857
547148
411735
370431
332565
280828
665143
226019
896585
881582
829005
612328
309599
475009
156806
718987
9358
620620
612915
208333
239144
954257
5812
591557
316726
93461
239515
248466
215248
401483
696660
677948
612733
228290
295407
882483
766115
145390
216493
796594
965991
177504
124642
635387
620757
644959
739136
878709
768008
625155
510847
232633
913865
460499
659703
320885
724375
266366
82904
625764
195780
618465
488383
839489
571736
681626
99800
709119
777725
670908
363416
595191
498229
990833
547344
879547
15051
316796
14452
586955
173242
634867
167388
687226
824833
327368
397355
292657
878864
493251
893335
630222
635065
675990
353580
140283
203402
467806
574647
587483
661617
204201
777516
107143
640314
974071
883241
21813
957765
522873
189444
308984
572810
32615
208125
283038
751425
169277
290642
419627
866955
953998
283661
83256
670870
368758
326832
728725
118176
655266
255026
21838
633011
239891
989223
294750
845290
938437
397128
463570
847311
270062
70533
503513
414130
508701
156710
425783
699474
934854
755926
500440
984373
563509
64794
807967
417237
642573
627276
46478
211020
529650
809169
694429
270756
346979
527475
717501
183762
385670
452349
646374
847446
644000
709634
702565
170524
970420
401916
742179
866015
743837
897844
738386
968785
241788
593531
643951
823581
650572
692255
63952
296816
790937
237799
437252
516012
502820
549204
891645
757298
184625
802433
850742
490882
504545
985196
514459
464522
661938
593969
250216
247852
339501
745066
748696
231086
153915
88540
128720
814939
467693
683524
490972
565935
682299
827923
12025
901735
708094
153750
14386
510183
731863
645345
712418
732787
147095
117293
841913
49120
868660
798489
67706
883052
447044
462533
957766
192597
992042
125193
792794
21542
349828
826814
807217
456968
557529
699904
545065
668440
792476
907282
356275
748894
234881
171764
517514
537154
517478
888891
689375
937012
589082
338927
51481
807254
616036
334226
9352
523895
44419
213386
199598
575059
973850
265691
290840
313116
241389
851339
701922
253095
464945
699903
69799
595978
520344
939957
965332
499978
244669
344604
434470
271670
226670
381486
457437
121
329861
125304
829710
156023
248886
329865
300805
805727
246288
987697
958780
371485
802273
261949
307525
109347
659564
586039
501958
265299
123210
557343
549218
660635
282001
45587
151034
699679
823385
906701
110333
106024
460658
315204
803174
152428
569196
975329
916038
232121
332649
341824
992282
193134
45739
452150
938689
682655
444863
401632
3237
119929
272066
875011
551073
751107
410307
773067
91931
850461
100904
6699
329221
321801
587591
488330
145414
953412
754832
952114
658454
156712
380993
581229
907998
319457
291539
86702
458180
447433
545891
7688
475464
503255
325523
774358
993811
498409
103598
322610
545801
815344
78168
256164
443319
115108
109143
611395
249596
672733
532227
651452
408466
549067
201369
705998
705177
704835
496762
546624
546326
384533
211695
154569
745264
30871
25088
126810
647598
424966
433459
10716
707382
491124
353640
588172
244904
941047
328880
950143
516763
271287
219757
237784
893781
511691
506393
265423
71958
279200
89353
644723
933555
606246
574686
305475
747697
453490
48221
704178
932083
490859
981985
56086
696629
181634
52932
243904
446451
542620
877493
912952
622282
157649
219135
368403
245827
719397
66758
812657
547176
449966
190189
233727
467159
991202
939089
944608
678540
515776
601232
822050
905723
140553
466301
993793
170865
907535
380492
506169
120507
929055
491283
311722
75465
484452
338537
700630
969241
377553
877796
636787
979921
762275
255920
76889
540484
293156
691032
687527
389195
952757
321572
713971
544290
40931
779453
364515
389553
361836
823724
179506
891191
235952
399544
541233
430894
390912
633242
280009
441418
432072
876734
993243
230656
625726
189278
788393
747349
977967
961690
32454
358462
923193
46762
99769
814725
205806
953724
775312
448318
789494
551010
644674
930961
499192
704384
757230
119234
448769
203836
387803
230125
414362
118171
591110
38507
396480
998215
329971
996319
238324
365522
164537
432532
348635
292352
879649
819252
325930
516321
343298
178708
241892
927106
937876
973793
936927
48742
794410
481451
344032
231708
91357
670149
521321
376147
312335
93829
317093
155113
636831
344502
527610
731492
511485
801721
713645
174024
496247
207128
992843
412517
459954
830165
284541
975732
675179
651909
945953
618033
27276
828091
838247
746474
627166
202877
111024
437037
791933
164515
538586
22093
741626
720664
602002
344753
733303
267146
807566
27306
888764
23674
906835
704337
586733
375254
988482
457232
720349
708703
933379
951605
119839
735016
551120
229918
698219
790611
192601
724472
608963
675285
334099
301379
732333
932173
213464
639628
414293
744471
168815
145284
634598
872699
507395
301246
648128
416768
772767
476387
337852
752848
278117
329774
346454
36275
298576
689497
415636
494148
638033
589240
813407
687573
248002
274826
823002
79558
836306
114459
87535
610376
109184
627805
427284
677960
651114
111920
894445
377204
140628
520546
920493
442167
38426
494079
630729
389746
337236
797051
688826
603145
269729
128512
887935
552005
826394
785084
659915
573998
204540
617108
993084
604120
744279
120249
520494
137174
948198
766413
70041
366524
294948
135059
656001
855087
623377
784272
245620
800958
54007
405888
114746
138103
469548
796451
81712
226065
952865
700621
461648
730277
79267
286599
784255
2295
104707
619018
544460
828720
219800
616995
634312
699385
239561
610155
766601
936077
456466
528497
608470
520850
316883
114774
241618
146381
575041
508109
636957
385523
953747
682346
633308
885135
523963
18896
682538
145772
658433
905050
427726
661187
279560
140523
715471
34779
405658
789412
39090
435730
178260
376417
618490
719913
480337
688025
503267
514019
441435
856012
237820
342345
858726
368109
499000
787670
984373
712274
446546
125949
932612
757311
27629
988974
562439
775520
899990
724089
921751
22980
202479
703594
846507
753873
558984
468510
980647
145476
344167
342511
696709
940050
673052
431523
83542
355638
286311
408554
78109
130766
80579
716932
75803
73797
704703
890473
540244
153184
76614
199902
935150
996118
965364
522657
458280
791447
876513
362405
400768
254284
627879
386432
200274
201291
88090
948843
694377
925757
713608
325408
278639
36799
765960
433854
949002
847014
621704
405553
230745
917128
639449
336587
133029
619462
631815
156631
12519
212272
462739
660869
205226
50255
883317
1380
709289
392231
822852
269916
519794
517535
517017
77017
474105
586838
81851
708415
912796
332413
182270
609951
845640
552702
43971
827494
927665
604251
66030
669143
22785
591126
341912
862883
101173
863491
119497
496764
907777
941191
874660
889660
8388
563239
937555
248151
638537
483964
897627
26964
735222
248231
394473
368457
119369
42112
801854
116872
744532
204965
493062
335273
283974
232060
381854
981450
593372
485741
617110
220224
247369
202249
978957
185361
925385
206455
130736
765208
620077
405661
655637
497019
16523
717178
920256
286481
976749
623268
503540
214023
15645
232086
20165
572001
784093
448511
979349
937977
163757
150145
402866
960737
915872
274582
182239
359543
562914
111492
724118
331441
275491
210865
379644
682100
876526
567235
692363
729344
390086
193238
800036
452418
759665
175196
513758
261745
845241
351223
57434
173908
712810
993499
548142
575970
305041
266996
838901
149174
119914
952256
459979
78571
127814
547973
131536
267726
774219
809690
379200
279850
58577
897660
460845
991265
889358
974780
238631
690946
974143
908587
494750
818033
927603
245172
486655
184234
567273
169365
271297
881041
794262
695666
385665
671222
926731
211349
741835
689981
449783
991056
32640
47638
281641
356679
437507
238659
388303
116240
610989
929023
5482
746902
490263
769223
935877
605267
999363
339175
722120
533231
719864
906442
632098
129906
358181
828511
823633
482575
740336
519645
407246
985140
806906
578556
83350
627358
756053
322485
872570
696485
613382
512161
865174
989289
223145
447095
266695
996949
871457
45680
950501
76374
380114
355610
449330
866951
386861
585371
269254
205611
105536
262211
812664
133479
271684
150560
781075
81941
202585
83064
175014
389386
650003
74946
136857
964228
873844
583997
681757
634253
920412
272811
761204
607306
766136
867879
280392
663683
443335
123786
398305
298407
411050
956606
464094
457219
256841
837999
661406
960237
86731
135208
220744
605913
385930
827698
875749
244393
528238
261852
278828
395343
170700
481326
368937
440445
867400
969865
403249
637621
141663
291690
727272
360810
83319
532361
348562
168366
699185
411026
857586
68064
720596
688294
662718
909363
648919
942444
904609
626194
636855
403344
119234
587152
924892
582534
309737
185073
29380
566609
685430
521367
535006
206915
17865
464319
522368
876767
67968
672602
348148
345031
164366
250129
967397
660909
462787
579629
9764
312430
165217
494007
104593
426522
810841
657671
364948
921020
648891
390891
930135
564178
156264
589284
926306
699660
271061
255333
658957
258907
190967
967246
951379
152432
736370
714096
187036
272793
442446
515020
669595
473288
751155
250677
184694
433961
552548
40472
908452
149551
182392
774761
826440
389280
619198
204587
1364
814034
309075
982188
217711
891389
741259
415697
653976
625728
645403
938332
811378
695359
12218
138046
666034
463230
266967
739636
883506
160355
944626
92317
752115
477085
968545
349600
682397
166779
66591
566685
735093
831391
228386
820427
888773
750088
970230
461209
201888
662833
716248
971389
373817
523749
481986
78158
613942
152263
758699
998613
289713
743974
65723
980712
828190
155109
93238
110506
85621
716342
272838
449073
906949
485408
236613
243969
977290
800311
900257
819435
713880
761178
497543
450696
856019
514681
72490
414763
891733
487987
322657
341602
257520
491730
8347
840487
823004
141791
30007
703164
886544
859545
286467
361537
964389
932158
636967
986059
615598
74044
470554
655533
578153
399160
235332
489136
88562
574976
582192
901342
630781
661442
861310
931481
515459
260861
350900
835605
456527
410801
224417
191331
367895
842123
337912
605360
896789
236376
964023
936886
210579
515492
555577
706697
78573
993019
342683
670768
570209
452435
572943
880583
299224
147705
559991
278316
764892
731214
374611
278236
377920
716654
645305
594587
386634
199574
703813
53578
394162
140629
819177
700049
406704
605955
864160
917273
311635
921284
180099
13166
345388
328092
131748
146261
917430
352320
436396
813419
251806
353661
924752
414906
892570
258932
256157
595075
320374
992379
521592
138528
552466
221049
687466
416717
708304
125274
850333
151453
745925
634057
532415
315311
449842
959859
695534
40739
702612
94163
288235
860171
796597
615757
355178
158953
912190
832924
444286
218771
725422
873358
787313
18270
736700
492060
789196
358929
883988
159184
542357
386373
409902
913764
38641
178261
295886
989593
324487
926293
461692
85431
912946
25372
180227
607237
109266
85624
18596
43901
356276
625918
761797
456649
474770
562765
677391
293055
537678
621224
377950
417557
427302
951371
42855
849539
998233
291464
768222
920040
102293
174163
212762
399175
821224
842791
532243
364407
785098
20124
788209
218984
152570
596317
862447
93054
210962
270946
144973
809246
783568
799485
854789
582648
317469
892338
404094
983260
769894
985007
308502
65240
466402
894772
189571
135984
303616
989194
132004
930329
930678
362539
257146
599765
207865
763925
458760
738931
179352
253721
969560
673411
598694
625234
882810
604863
515271
828210
522831
527904
728306
131108
230930
236550
971106
898016
617756
850830
819991
148495
760965
809441
883476
639688
861043
787885
319861
558025
527172
229673
940710
341007
563857
969651
446119
552083
195455
33654
925222
672693
190991
622679
656434
316470
516069
843496
478117
60232
661338
281942
644750
282317
512075
319952
947342
674113
929883
50839
820173
9220
760653
94132
753686
245560
206990
197823
514395
936390
279581
900007
214738
164460
996157
787029
242125
206413
854594
347339
874456
195032
424372
486228
25698
367345
185964
127682
676760
171231
743803
659901
372091
732845
628540
414367
170907
437496
689781
256079
819708
658501
820651
952238
590240
556408
601350
2174
481517
279349
261036
426226
745647
75918
800028
77054
149262
628448
716729
730442
589732
223428
722940
945877
911055
141096
665793
447758
220234
411483
455546
817275
485712
159250
189447
858098
473000
673924
634771
360307
10365
728245
293245
287942
735987
781818
322432
586107
456081
613434
100569
59215
557682
947116
809562
573595
798051
368217
307566
344430
757627
97851
122073
153046
573061
362139
494074
966656
303660
225901
74198
47354
456256
196819
249021
528355
183711
930283
347579
794164
130590
21874
23214
85365
724119
57970
374775
936452
270686
440146
312934
126425
2459
449817
654692
531794
359114
58348
652143
569103
679528
7706
30445
313144
390294
745517
868347
885549
763281
186654
967064
426465
371532
993433
640234
330394
373139
123696
574774
258816
849767
907626
907719
361482
163966
697815
449026
983320
205342
651780
902875
207117
536834
504160
268716
341313
474522
502651
649519
644981
431512
262865
722162
272514
533253
296026
850376
319244
531720
631117
202618
799636
702790
832450
283621
988075
222566
846224
407714
202041
508384
670201
33807
316061
378279
948051
615833
534605
497228
385867
665294
479047
624438
732279
965769
527244
424626
828213
608763
723705
288843
558526
715853
532014
444560
582717
739685
309634
365055
932233
669456
894641
205739
738926
508729
690548
516247
387694
15946
46478
132502
292452
482683
667422
802349
850895
420709
884905
102601
845259
615846
327317
205248
116910
158374
820995
145376
454718
831091
662327
198849
336856
332170
763401
145184
490126
952977
420440
219590
720825
246903
382145
623251
671271
737289
852156
40311
579253
608037
28184
555645
710499
581142
562023
540571
734594
836432
741217
862484
412437
902688
438499
346924
889377
43761
599031
493504
980507
27854
204832
667446
982074
503216
78963
782997
666874
873742
750618
768128
389375
727265
783579
349030
878852
761428
854944
670448
909073
229665
102179
911271
570491
495645
172790
556855
962989
207205
552599
871536
693875
496766
670376
778329
52736
883075
987419
544297
829236
613613
767517
485863
530663
249180
366679
837912
844032
965417
116422
36447
205496
34656
173669
492677
806332
83760
424265
459842
130737
358452
604283
252598
716881
813179
198550
609831
265830
966455
186881
203867
248530
398964
646938
571857
810314
986056
448668
195042
481120
404322
793870
595679
225168
993090
682678
752674
885530
71079
874269
698185
449452
715062
530586
646336
874087
62582
758373
400450
419067
85099
197881
523369
767215
638652
306650
450588
277690
543116
263060
331488
720092
779737
677851
709459
982504
594124
618140
763968
506998
809768
927369
67705
145327
116005
617673
571154
623397
349242
120844
159551
604569
119304
650117
28722
653025
767918
86071
432484
810708
860421
932251
875943
27259
768000
321455
111821
276666
593700
276678
30174
907531
267384
986695
356340
756760
474500
272130
556861
748930
502061
113439
140664
579821
947164
297716
301719
816000
564837
485441
319923
732676
938818
29379
979631
144384
597905
493972
98606
980374
389599
189972
738191
291618
593498
269246
293906
818803
416240
797114
64565
569164
423160
944967
864638
189912
406031
72139
488895
733685
175944
747285
41477
437151
908378
404069
934777
810854
90910
311162
353380
81355
879932
673258
40707
774017
915839
55551
371448
361922
376893
929036
824551
533633
551266
426950
82628
136466
204291
302251
382496
615525
237893
959472
104901
694557
612533
985439
427305
183232
72336
810073
357625
991003
384172
37559
59762
382946
85396
116644
955241
32430
938821
390307
139422
86089
142148
822476
174836
771879
316276
467409
236794
856163
218580
55397
32658
801694
484341
265749
813354
924676
74598
762166
515338
581548
138657
617411
825992
625883
948235
998207
917406
41210
559529
177605
148555
752119
900349
73150
673128
812852
180148
314191
968561
935584
791102
298693
917898
776121
217213
519384
727071
250870
190930
515054
451470
273185
163344
835675
572940
403938
558072
489728
733932
554171
356105
904102
644512
765899
207862
175767
547519
41444
251450
934964
823903
741104
200140
574445
305113
546849
73220
46321
313799
190287
567503
627597
239270
589969
126727
410557
936736
39976
325483
123822
226418
17765
418497
882096
918592
782837
74892
946468
431465
572165
990687
350984
578351
525605
109997
61290
995835
715567
428767
879622
886263
960060
785451
870720
581337
678526
55021
843202
551163
305593
527122
589430
735375
170999
710412
981803
780458
537182
724435
184896
229583
893090
650369
292413
222721
886723
485380
656626
652661
373585
920380
491787
331251
745704
291197
597935
563072
213189
442346
732738
257360
500197
242146
210043
387406
130680
879343
169989
834997
604009
275386
958815
53363
835640
6396
889592
723410
594239
380274
839957
499452
346403
150139
385821
193837
947475
738103
271130
340901
653672
155180
595078
787774
54641
303349
593732
924793
835874
843598
932117
121815
438943
181467
942300
39837
308094
950730
433567
713832
960320
849882
487982
469629
456663
615952
146875
865592
516988
234449
155680
192262
990841
789746
253686
918607
851095
238713
921707
573347
813684
532269
496702
325973
879860
884015
50951
296574
110552
817395
884691
432243
692055
153624
17007
722477
154697
242971
106698
330114
30864
136767
367700
715565
27973
591275
162651
746882
986735
302794
266667
22590
750028
45457
223737
533878
14063
274561
7406
127892
185822
999833
562849
478976
375161
261801
347802
49256
958898
672685
353845
331527
650142
189042
920547
458299
990916
745726
702888
358247
85179
588535
520176
197563
179691
586325
719808
44202
985449
967545
686497
973439
737486
603778
181175
496786
307326
416500
615688
785267
907597
606675
584930
744105
816413
464661
406126
419420
354251
758131
884678
189799
574967
358621
240994
252066
488396
215886
806059
905330
504723
327256
14732
772562
640396
50895
616944
969452
42413
491486
724035
780176
622246
111308
922096
632896
821383
851240
903261
303087
97493
488792
401575
665227
806624
866002
798959
80148
67301
83010
339914
315084
959986
766374
302673
28798
90378
467079
910494
661495
859670
105916
467273
868048
730654
925436
787604
598835
877352
233387
198423
228501
765547
775762
968369
118189
827095
624277
547400
363156
413081
581614
353951
843757
184848
531070
93983
936454
700624
916916
318415
528865
285565
138414
695322
641961
709078
141207
680236
351061
11276
596209
812218
526210
789266
675355
860332
988684
994517
814527
325412
979066
606743
338212
592235
365484
345749
792859
345836
502038
531718
928177
834433
215577
866047
429678
330262
758259
647302
547306
983920
735414
21341
414509
130182
754845
914871
87167
593613
584317
440114
903589
831728
10651
465418
31683
145698
127905
367016
425896
797543
984029
672884
185087
519466
936606
11732
772662
52684
82792
585808
291699
728627
828396
114912
983258
350004
721396
819523
400594
594801
782728
907273
700582
888744
606417
415433
823607
94578
579625
703637
564271
913978
270866
756108
815269
559942
112172
864962
99736
936571
660042
479172
48534
408990
917256
775109
202118
9265
489761
184932
272593
617977
505475
106938
646189
29940
206331
11793
570266
733829
263269
156760
653647
229109
698512
204759
849618
111900
507325
12881
314284
795468
71760
41027
873704
973891
607100
673556
217669
111776
925428
962278
121821
496876
671279
705103
458617
732686
722641
248318
195499
156667
661649
533117
308063
689686
634878
641542
775415
522294
34073
477303
760740
427717
892425
422835
103956
602722
65234
345580
893175
922785
734309
233155
763639
104761
945974
527197
922109
465864
118606
597784
361675
213880
15776
973662
834733
560467
702026
407790
715223
783491
687124
40339
229680
965795
368109
874952
745584
269270
93626
475293
15184
40953
641753
831220
503774
510108
625244
602076
816662
495188
910274
864739
884655
465055
970697
277020
481890
967615
533270
11533
36558
618866
997474
307098
92320
390093
609321
543519
632003
322033
182655
367422
921054
314518
764057
9578
946308
419391
524806
400120
820665
753104
956444
733520
920672
993994
840881
913239
268696
22966
640667
276357
726425
552661
827164
862486
147100
188446
348562
854584
643930
351448
330296
488628
960184
774163
434506
585414
742062
861071
71717
951559
941521
891530
171116
525590
357800
449889
873852
904742
368660
112227
135185
77744
311206
696642
683474
278422
32100
567885
878538
70839
692260
373806
498116
884165
149627
330669
531648
89910
522679
745284
211209
835172
943861
350696
775807
540109
173851
847409
651695
746633
627143
391901
983809
246713
368786
932954
168605
57074
111708
441626
95982
161118
734619
787365
322069
86440
867247
868688
276590
645698
364514
673345
562267
990784
324522
911268
208815
767622
945575
658390
916775
573296
698098
543108
999356
30272
993166
205532
119361
722231
85584
434997
161117
472894
467881
886978
255522
404977
17866
763374
842860
843078
743281
872347
690026
246084
966930
637057
529384
489655
817231
615569
35966
90510
510542
199065
442389
257485
61303
822314
821247
86422
401538
621766
634966
260402
461911
44311
563384
905521
279704
825791
360539
704879
630953
927855
786483
127142
268941
124680
932190
906889
597677
465011
467076
671141
201472
632423
57395
633671
997520
950038
414907
161061
62033
902454
828187
272601
311756
79590
750661
311327
115305
539898
586506
841411
788177
608405
593666
714300
198329
184182
397616
848983
601712
281824
619509
451420
729971
123339
530779
438090
105618
921455
819956
750288
833001
294230
74761
820414
852619
609597
6155
756864
717521
147751
652758
118067
311677
726035
93937
382014
270136
897752
655371
675208
559692
33863
853011
456695
180149
213271
650521
258631
318271
611611
44743
315126
196312
724314
116181
46391
167086
491428
39616
693597
377290
783243
794267
631648
442656
66356
535836
225722
263908
990422
293703
221739
401438
345452
817607
494510
905772
416720
101959
884190
916411
684579
778263
607525
595449
594871
659022
467131
842989
999758
636746
26284
998564
433576
148308
290523
555649
884566
734366
883166
192353
572400
934044
935344
788785
1957
126512
458992
311107
250383
713769
775037
924357
398227
289589
156629
876662
338105
614711
415738
379715
265912
251891
785429
110716
406970
36320
29892
451121
629888
126817
887758
213755
297720
337571
348602
142456
463414
211549
213530
268706
646750
414760
444571
24582
647433
375756
567082
381988
120078
866143
864465
971417
914941
914011
554382
773957
622662
918649
718388
348286
231149
637357
541786
347050
423197
970444
786312
280840
920937
125166
247935
651464
356333
854554
778594
657698
599649
244530
224995
133311
397338
918416
670991
217307
403152
534853
939707
877981
736767
509381
102297
500040
465901
171923
877834
981461
630810
700376
864340
412559
571340
746242
603709
397318
531259
187354
617193
373495
568741
798756
234189
905784
637588
539041
597374
691702
775956
979876
179608
681661
454607
742459
265042
101721
914796
960250
787317
712816
598249
20734
621319
966980
176061
380112
17608
138162
32740
557567
934243
327847
417495
815693
630961
951861
464057
656473
921363
611285
772910
67963
392329
566128
669648
73437
224688
768842
988806
851094
167832
274516
955983
419024
562148
32084
154680
782964
381117
208560
841062
711330
4243
272466
790484
140384
127671
829810
216025
933557
545578
935318
118469
705708
96800
673646
651403
164789
374949
572928
343659
774478
669482
920609
26802
965876
331734
991927
548192
992185
496748
27393
433426
744805
401337
2791
19984
952278
677440
117381
371957
454105
118239
825623
386258
185087
702524
364452
779846
436658
435842
419334
121763
656452
755813
629143
202681
507039
920699
690836
384126
698096
548076
784070
31547
215178
139384
270407
203675
670230
195901
859181
183047
259563
113612
215436
964093
615844
83623
513512
101291
589130
170210
296883
7755
908501
58732
771555
680875
447610
316129
23099
107200
244
37034
181073
761129
267950
32401
361746
471413
173573
543536
705312
388636
472620
311814
782001
985444
434192
255537
791561
779437
563306
153441
998144
886907
736065
185308
242327
592387
146929
217584
152860
159953
108879
931635
408665
707104
637273
523957
218763
561692
85391
753682
353327
110908
479926
379880
922233
519891
934491
41778
861705
114480
272844
50263
863305
321642
294454
613770
864993
560520
491632
244221
76282
567171
276018
669867
835267
358329
246522
507184
819591
253159
197523
212922
9134
57769
460224
591928
924522
359121
665946
971729
264680
49244
530282
878073
347255
875605
694665
887578
302152
967897
175911
631007
877908
40758
699351
142561
560740
334773
954340
348437
771347
580855
525854
519062
643103
162571
569411
870021
560330
743749
535207
191367
759949
177397
580969
117359
340817
536225
181982
667346
217104
754830
605998
249924
639070
907598
26239
945559
161198
495966
645188
125677
120582
182253
688797
754518
952237
69556
834957
654689
824925
751172
593430
21285
221422
154256
817229
252515
286275
459446
993074
891785
837509
632682
408077
598874
12559
187794
567077
397514
204615
208414
303226
83664
977113
125201
301788
789314
413859
549808
704917
11682
977718
64130
891737
618475
20287
694238
703262
132279
244411
106901
674289
349551
435026
355325
947509
732390
573259
891339
694657
506311
450611
60147
299777
979556
141726
461298
984006
493082
236618
542719
850819
110409
432548
675188
731016
747074
31717
498744
110374
612839
84821
952648
779474
652104
442608
722401
142288
926121
309364
769682
783709
480076
590154
673602
992286
722702
84029
94989
982018
174767
28485
922179
673402
445164
818880
183273
363075
950840
300238
711499
184860
692329
127389
184571
119525
111687
177749
811314
859862
257020
564023
76153
900294
390101
457073
461073
641802
185220
517691
939969
569087
118411
231131
539015
262912
885860
976249
130741
733793
281074
800446
683143
847025
102088
299904
907390
179865
783932
16032
581444
245080
815342
124340
146294
976202
888233
894086
564882
352165
402196
745367
853666
906875
479346
828360
45103
76142
732413
70517
38163
530105
589989
191973
228261
431279
124088
439785
958275
732402
624060
668727
348615
368946
54612
240211
983634
815927
413722
68331
672571
612050
202988
762407
784755
658981
244558
27618
677099
86449
44849
673612
789431
824644
642566
664197
467256
199915
734223
112158
446740
844362
7047
249138
106167
116580
689718
409321
411454
29296
326636
595289
599573
559693
391061
197859
750654
640231
935846
492197
89821
733185
635642
828856
407875
837734
525701
716757
919709
104407
827670
601925
325212
699458
400547
204907
104301
389689
553092
546375
672904
284548
676353
86380
317934
299641
304419
434056
728437
810913
134245
242813
887010
448376
936112
925335
711369
536882
281429
648861
980067
30271
103100
755626
208328
876793
424264
362451
716081
639314
521889
100963
963408
982910
615729
449425
829907
480748
875750
232508
938876
912799
331998
999460
925546
432224
950496
548454
42984
300706
950212
737060
501617
649608
604287
887368
352230
18523
471652
528468
153713
459701
25534
179056
655537
846182
394395
836173
121384
218198
314772
756573
850274
224894
66074
497783
693122
908649
151787
114757
946714
23396
114680
632369
307013
653883
512128
39477
447599
878848
214280
804838
540538
624601
159159
254786
571132
968177
7328
231188
929901
452881
577912
976576
953023
657768
571811
550765
635195
459491
987340
681937
458810
428295
328383
893252
512515
36381
133920
750456
900521
176943
797941
168970
220340
44666
244824
454769
60815
15
877580
328826
84993
327226
877270
675683
834112
654155
36677
117819
973636
849726
292302
87095
546431
116448
665709
887138
517861
147449
284098
772442
451326
576613
506123
737029
442949
474343
938646
710082
667578
18974
923026
724749
917962
467858
538913
47713
183517
935932
774421
791153
944086
145536
985847
724204
130234
283033
627197
461192
520706
166145
798504
86728
776709
490257
375278
749212
96158
745465
813427
892046
289260
956723
736261
781673
238014
261775
87276
812433
586954
769774
916474
121454
342613
15430
87937
956030
602516
180437
875452
913216
537795
992858
91787
439993
501687
553764
127187
76447
637365
80625
118885
891915
195755
653530
476804
271627
584500
201087
956923
80138
626469
802768
64933
285360
995651
56533
132247
863391
861623
329400
913380
177378
332515
593044
349910
384804
670730
551043
621024
480651
910215
567319
568747
279804
958984
525956
527440
12098
221282
783836
438990
744266
484625
404736
472375
691423
359112
641090
658387
372973
978662
340428
157372
265902
468737
891
331321
726797
193356
385591
672735
529810
761972
714002
268628
860071
69390
558564
670499
261442
477116
640511
980965
212934
538682
374679
712247
505874
693658
271461
804306
801018
682191
236615
719072
746647
13343
264380
779567
925689
986619
639040
4877
525921
322510
662141
432353
361294
177640
251838
372025
958906
222254
593599
375029
397862
620243
288823
520511
69297
96717
822417
285392
657588
803526
685217
144221
108959
504977
810959
115215
85267
80060
543161
203966
461047
490442
249046
76890
137105
168482
329073
540775
171395
975505
823278
983670
340407
418529
727423
536888
731933
231571
315173
874636
575033
145050
340972
320931
480877
201089
167310
775081
845100
910093
515179
462140
485834
346644
585870
961181
884597
103946
151847
801976
967225
333494
332281
952040
626537
269095
737767
913790
763857
892738
349102
328524
583850
214176
720780
663331
788515
79345
701300
604546
660185
323425
500943
699866
459734
110375
455517
722453
684960
280196
739042
603508
341988
757444
80343
175214
963287
341390
335704
748946
149798
722348
55899
934922
546372
30753
176393
408515
909150
366185
430614
927204
875687
523706
961542
343983
447369
167199
76764
465620
835772
355685
55900
21995
883652
660250
464
932128
92379
426194
163327
472711
921681
279290
930110
782475
873626
192303
251425
379695
878547
356064
766094
840726
763988
824285
836812
858289
200666
161046
561378
237623
281027
807693
356666
900638
623229
539078
448129
538752
752303
303987
5319
760590
846537
589757
953404
337600
728466
514073
368938
546010
726769
80672
221222
470496
807354
892882
837884
527528
622458
169530
788580
30029
726583
369972
806600
214822
946924
461054
796439
552596
954965
118650
746848
648368
87588
859045
209875
567160
954772
97784
92834
545677
910393
851847
752963
487435
146830
597850
929399
419328
750930
360216
227064
445946
360212
157589
712928
178158
654958
574492
611103
89859
895104
870995
333685
249305
897759
202533
584681
891926
661136
457937
906183
256854
641407
524833
842327
416461
742155
699586
926390
92596
739781
307186
546494
95886
15602
128856
466849
325697
235966
567411
465525
829593
662142
392483
606751
930326
938899
521132
231353
995265
350566
344797
339570
61245
169247
981951
828717
748010
620719
995622
571082
520561
928642
801890
393559
172517
443278
976660
923813
76892
772506
198379
445688
115092
74091
266056
224517
933571
67426
848668
439895
626090
831442
516598
672187
566817
406349
951219
861459
445007
516078
782473
205099
72270
598580
687987
198875
220833
580246
757714
584657
296292
333192
29143
949493
471054
275609
241934
777871
530857
7010
434362
453637
651265
230965
6118
377857
178679
640245
810597
775432
91586
505326
838772
448255
619673
300975
14224
638242
578116
776968
873762
250902
140050
132224
189373
737503
357233
280023
146266
793394
510089
581778
129858
97220
790933
359906
728635
977627
348362
874255
595715
684048
656287
675712
665978
822874
256742
915386
745509
524205
559303
936861
608344
299927
483777
989089
485191
774822
859142
27246
727415
714667
197399
712801
931910
117152
321276
760857
312000
91380
374035
943755
69270
844629
63277
918459
169496
775850
807109
291522
336258
631185
522775
512927
848095
919162
796884
626409
961606
430056
297700
752512
472288
817156
972734
666219
453720
388495
26438
698504
681754
598205
945933
111084
371565
284193
212454
153573
310592
537179
95719
117448
844829
801313
843294
619558
645005
143893
524642
737136
132017
823695
687089
34522
289428
769186
261995
497131
304068
942427
805108
961606
965918
648086
969899
834569
637741
196152
204319
774296
112231
733677
440305
784624
770650
473150
474873
246274
635442
398163
943244
175178
617642
693314
618246
711467
139392
650930
825643
914616
301080
388344
635934
781537
836214
440644
660361
779557
183877
478276
299490
325754
690026
327760
470895
717442
513911
395446
760357
217497
593738
994523
305103
608686
572749
954359
923974
451567
988113
124030
629937
74195
492498
956268
1098
28012
89151
78912
977309
626465
429347
782440
40888
627476
357385
263489
615851
640211
172787
168186
392944
140105
256900
749033
530033
440753
931151
116261
617656
676699
792012
732993
856224
659089
14250
199386
104021
514408
858786
839444
515476
183587
436741
879575
905115
771624
265348
82506
502688
468051
838430
746627
743051
422557
70751
779508
273260
964212
903408
318175
643212
40190
415159
577711
941142
731214
553203
260634
923721
944681
285739
341750
643652
249050
396883
4896
3754
939428
690416
768664
539720
835115
341192
932642
331564
860843
436524
12885
663464
741814
552394
762717
865725
990116
324938
318857
359851
27102
209642
162362
425500
880626
23795
105358
758766
796096
808145
383487
825156
339881
513714
242502
213856
306288
880864
551999
200267
850640
6984
971720
501849
848570
967525
543565
429768
538590
44184
42644
369689
487986
110343
459455
611546
686084
486353
395403
476294
426477
162576
896476
568264
835898
317420
262428
954918
571407
780628
46886
140607
527031
780125
13582
134138
661424
93582
406923
120573
977140
403075
530848
226650
174668
335560
793619
546318
409782
577044
582868
365131
762009
630805
420731
388906
554261
869608
51775
741350
323875
117935
76186
63433
521355
505653
341229
221778
319363
378592
877002
10675
102496
994715
989811
909345
568117
326674
695943
765497
477286
534241
737042
321184
458411
735491
152138
869271
119312
827598
342246
471431
12147
915669
40387
227805
830723
228659
955950
43226
669838
173733
838532
709680
173043
707828
594861
146964
905759
22582
981024
973608
726939
870759
955886
50521
66050
592944
782203
117026
466616
20675
386670
498786
315695
891797
744777
204641
417181
133876
174269
296781
33554
183406
51889
880226
442451
533629
760285
84280
602671
990108
623728
928436
431159
937548
266739
565319
934759
540762
879924
727758
855844
664775
115534
182685
971695
573817
885180
478367
35935
518618
19835
512413
284473
532532
840471
635435
355350
327929
361777
160895
951576
894946
788454
570309
294076
498530
868191
720034
822651
752352
346510
384935
298004
452761
205311
644160
17881
825205
260784
82373
955095
558121
69916
662130
132645
398805
54527
46065
573677
16893
743151
276596
298481
24011
952411
977199
218388
638276
808648
980692
174297
86962
886393
871996
906448
613257
534287
908398
194307
329595
209625
29746
50654
664050
88580
358301
729494
164512
441361
162466
377196
96364
943611
636717
715411
814460
324865
96583
676529
200180
144639
863015
256788
332248
616807
268953
196472
124162
857159
682393
610591
525587
92934
240436
353716
253146
702685
44033
249020
943419
137341
117060
416007
554892
22599
957352
60887
351611
120236
451505
314144
855150
740064
937544
390602
414274
35559
775849
89730
864583
422029
549170
233682
563337
734389
561304
940316
810590
782442
905056
44497
874446
132531
806050
972594
626711
504213
43048
785983
84645
2157
7853
861253
580339
52345
627130
577351
106267
622470
875479
8600
428505
965349
145522
614263
338039
276979
840731
225019
848403
221160
482396
826193
545641
103618
65381
247899
775809
145689
462309
698585
581010
710285
388501
449009
978851
161708
160579
21127
746552
973539
408832
631649
638895
63324
465368
668270
186159
873955
358068
213699
162276
990569
41599
176588
553415
461232
425477
458703
134176
611282
503579
231329
773494
964482
757190
677142
296377
17430
482718
811357
483219
805416
347504
207242
563263
172074
756665
969874
971373
961181
168685
402241
284374
357029
336094
796593
490295
899040
495040
73497
446072
949258
34822
324903
545987
854579
265901
274327
964591
91677
662265
700715
295082
147151
877811
585211
611388
211784
666119
761373
772817
585108
765464
478706
226575
533541
910255
485908
778380
67810
795902
251006
779600
210743
245507
959809
817388
762336
960297
181725
298222
237680
321799
923760
511192
997337
732419
330193
155908
302260
106589
569132
143272
9405
126754
353940
221445
593951
276384
971128
371920
723200
115865
935612
600507
216201
553312
914299
601221
229234
398535
264039
875681
689811
428073
256724
427518
12859
599844
735562
67601
410995
670408
713316
108496
462114
530920
700503
942346
561319
438523
466686
214168
208133
934860
338576
961815
685864
497662
143525
774326
304710
256297
629028
20612
518906
235794
792376
625628
701356
822260
515780
151754
545856
148030
663788
312125
566494
272610
563076
368248
280671
785779
450070
382045
708806
780372
936044
685177
626004
959295
6599
617529
575415
391299
129184
572900
31677
209542
214511
16032
368485
748036
895023
545503
946473
306193
479340
459883
369148
793244
343692
491154
593532
12532
481714
525105
813379
721638
134565
377388
453258
592019
660349
487280
250912
755147
193140
684477
842905
807675
296987
231454
411883
60216
42519
262430
512761
334453
868625
277185
646147
664295
115550
127617
477195
320683
807028
569268
410411
558758
796894
614565
116983
181810
119328
273195
455767
807295
515851
176608
562648
89662
666657
922894
280613
397090
422133
436325
534574
623197
64351
945533
398128
44718
57185
23094
27628
879895
969085
489862
402284
112828
326754
811028
342809
1293
603794
202894
142653
778274
212346
778375
777548
538705
736965
639171
209069
624019
272375
160367
368073
809716
652011
313043
245411
717744
828172
479346
961417
501647
657821
837314
173373
983685
297768
599990
617115
257472
467672
412875
59134
19551
381564
408642
421843
392913
976596
119208
941111
811611
571455
259358
802558
715342
378934
753506
661736
259339
634853
623636
31571
757719
621637
567413
571810
310599
265414
707640
277506
73469
336697
231939
524519
664495
437793
270803
216249
833261
59740
644100
434746
374222
613522
928809
897595
938341
945956
170415
177619
196592
743081
241306
206091
2953
849005
232019
734092
644955
907542
735006
612626
181623
448750
552476
832541
674254
925968
758308
168786
717622
892099
793410
15812
91186
377135
136059
388679
760188
557144
468550
51398
742647
63741
762688
147127
809767
482556
746883
107383
445746
450238
945001
446976
702707
337493
505539
822966
864396
152714
359802
124108
361586
615227
622884
948000
790544
199637
686959
304493
737055
108168
309812
681939
62969
500266
206727
501019
354795
374711
652236
384573
531186
608273
412314
166608
240110
502344
642165
153957
671214
534945
276697
520254
773737
431098
938111
330611
287743
838842
510425
246568
552805
838742
930948
384026
529118
440846
881712
715849
374291
521479
587156
819156
29988
930459
47397
246150
259628
526781
782432
496322
234271
479530
479232
668105
620233
201026
95527
293876
660451
257561
751201
456816
593997
329780
419073
313454
51767
992268
523410
648561
935396
331128
188338
101974
604456
664874
71865
631171
78030
598668
241907
47360
419946
634772
110033
835914
105414
592795
212204
701396
687018
371156
250206
398292
291546
272821
52771
801250
735734
780292
878159
566413
512160
534846
671660
307788
672037
523912
40843
592306
774492
323370
26396
841134
954237
613345
74537
756837
215662
125678
473527
523030
914347
530063
28533
809660
347576
223700
731881
404499
180374
801980
10265
957181
342383
730317
610907
904083
99625
196866
324704
622518
832611
911593
721354
800205
13107
668023
586115
514696
438176
238636
288914
317913
591377
477598
317351
975309
736230
670516
260121
141485
653808
825198
221063
921017
719579
954061
927479
752909
934336
359851
439559
857484
971991
881341
146380
702157
411688
186203
299438
408495
91426
58162
805993
377670
681283
625418
772258
786504
869875
466035
525625
968003
707653
886672
776828
814471
879307
814070
372804
437291
801394
580826
505451
222052
301396
808014
701851
575399
740586
749724
51159
178214
748298
206483
35023
671739
991545
376607
446204
640090
976072
36746
412198
965732
477154
964759
687599
927958
316005
45105
244933
197665
688676
354763
695132
26745
304718
561742
939679
318668
771440
300678
140273
251098
534238
33048
629089
938059
182626
861959
652408
374432
689842
143608
825842
586023
424343
318462
260440
485422
709343
243158
917151
412349
770811
219772
158010
243252
223944
949295
723717
237321
224567
330437
180523
437015
122761
619962
821273
611331
576460
505024
5849
182529
270961
378205
560815
293827
702307
892054
576797
802494
825064
763768
431249
519928
235969
282354
926638
417343
719980
119722
747089
530973
634129
303685
566053
436481
913654
756204
138398
420584
659401
112935
286854
267374
684037
584745
537291
139257
915311
363907
235592
30294
376698
569384
396120
123563
311049
626256
708301
35723
352596
895419
419561
231108
823408
459975
80454
177795
685522
610974
519644
156448
430747
413735
461925
315974
179447
24849
135509
912527
753467
388425
339641
218153
261317
498254
211692
407000
660925
171985
732536
424539
636768
348579
25719
391620
462606
775830
435292
121318
184714
114039
780784
909922
422724
666272
884678
368152
517631
688762
252866
967503
909641
763052
60958
20034
365633
57385
380507
765469
114960
158724
669305
446006
315921
988412
263808
955315
126184
42937
802948
205374
830191
699151
233509
740280
244326
241080
691876
353135
340581
666200
980591
410914
381934
19873
736575
437118
812956
688147
361769
439675
902454
979917
794915
610646
375940
707958
12169
946850
947128
56490
888027
113950
73517
68353
20313
290707
814087
586381
751211
684189
380834
417358
630161
147455
461321
865563
510620
340011
363585
307763
970420
998733
783645
405035
61244
244611
638997
569235
982211
388427
404066
192285
134512
206623
52762
861995
564308
420270
389927
307866
575105
870138
717053
211464
455977
20330
637029
982085
625358
917750
598655
186580
541929
362103
220812
772915
284951
340172
707588
295821
983720
227795
110706
81026
54594
446130
472988
400477
986980
889886
923193
668749
232111
417241
642962
76279
76157
334022
844726
71499
866160
989115
28741
372896
194262
324915
566259
359075
968395
120253
140490
374883
489789
221371
682768
34263
49838
492070
328800
874194
773784
794793
993781
569394
107381
127730
2785
479096
319875
267098
449549
483871
193350
923054
971993
204553
379765
559058
774012
491476
562938
462883
427351
73653
375165
959974
937143
674953
227264
887358
907103
159360
477212
532148
900292
251783
323869
381131
59163
913040
585738
378905
995180
44270
625006
231927
993613
349387
56328
872465
230858
287944
140722
128030
82146
123106
225520
727448
497549
323190
137015
936313
324280
166959
538261
435201
657392
830546
559587
572124
811551
253302
468527
115707
881326
888803
718087
33129
635321
833865
103348
667744
333123
99612
291374
549177
916161
943358
913843
708407
736131
241583
713963
517342
143407
291065
17238
600139
82068
392946
468215
825378
303482
259801
53368
100985
913706
652775
269885
323735
447699
191727
796616
852268
882182
861309
522764
501309
247628
507151
492000
121659
218060
631150
708862
783987
102983
929620
681799
860583
368193
845404
937568
203508
137890
966284
386875
92825
125600
248469
551421
571820
746438
258301
670725
755903
644889
679335
749063
987774
421542
220049
45385
608639
298375
616579
606791
329070
752684
61346
424397
576958
55781
893797
639765
646092
893399
501999
969704
423879
289761
108425
405078
391243
345392
877941
532528
883947
484527
247317
690201
189734
239457
350497
465540
112629
256301
905100
551833
28764
532668
792505
835310
990957
795787
536035
380116
483173
947024
593001
444015
407267
425414
169725
67042
16725
68943
371800
298716
642754
661583
283661
124462
135664
128005
497871
577243
134643
305383
230339
350593
522696
374216
757428
231350
355864
940576
721050
142642
334153
487224
145546
688148
833630
170418
679091
631408
688408
876079
780293
485504
537148
42627
69495
705880
157123
17985
567492
251034
689084
959242
38201
632265
767870
220435
959472
202307
631629
899646
927080
760865
513887
179606
789448
886347
27027
686272
559632
896108
784053
419774
827944
126730
966650
535760
425956
950700
50638
951725
780647
880531
770046
987836
767453
906086
629104
24091
486118
715571
904470
966925
393693
315857
855978
648114
7295
621844
223981
401137
580949
964060
919024
97936
726356
180336
960850
784082
638512
802245
10031
504928
597700
911650
771859
202867
516602
260810
807930
42037
208680
877687
216608
316650
25404
639959
699437
506174
571455
569056
133899
285261
500180
127451
435456
841344
812835
466191
962194
364057
374800
567223
808705
50352
509576
781401
888522
355071
364732
341068
223131
277957
352148
45678
923003
765750
699581
384900
842835
170219
495387
745212
903405
637353
424513
234550
561904
724097
854211
319807
716321
493180
293897
371169
378801
58144
931914
564257
887514
819793
818541
12819
216250
950700
676979
134567
104430
952093
742059
388258
803376
17485
331708
794714
889322
25973
742968
863984
943407
140333
557405
868581
47753
118943
131263
944170
720462
199157
639021
355640
757268
21413
131780
55469
590966
445625
892429
851032
109550
891612
510290
730860
565892
856463
409598
534171
680756
496963
575101
634015
686850
859400
820477
195077
780457
287354
118329
872480
15981
247675
173869
125736
235704
836903
599989
615870
134960
369823
42409
608611
533653
597455
600422
148334
683169
76216
643678
591206
508687
748637
108508
138302
377652
329
496974
259563
160967
520188
492939
679478
114150
689541
967481
649637
798392
704363
793618
115501
98807
234892
203056
211737
377873
450281
684940
316662
680546
935265
424388
98299
518020
62459
199984
778618
528641
65860
346341
52223
13128
272933
521181
410190
97973
524753
842969
617652
80330
786710
12608
969828
477817
271333
378580
473914
923483
403112
330580
195392
663833
586684
28075
891678
306261
232177
595043
168944
116339
88075
684526
421035
269204
415089
669233
440927
121865
196961
980766
224883
800437
469913
628108
625271
895116
364590
914363
911019
362361
575502
345118
622312
82567
858603
319612
324635
165563
660653
491119
760054
493869
778632
887449
823999
628942
784032
84003
868366
756322
921911
130630
965037
978227
998689
560491
908205
129465
110228
912891
631028
231380
665776
29514
819623
358236
903322
115522
134146
854262
207756
489427
4533
292957
651803
507084
763695
625203
957954
911521
298830
197437
582753
342649
917305
682898
254293
359102
435869
777818
457363
425426
906320
611024
927866
575879
218050
397530
133693
527321
863854
515067
296626
44139
579751
433521
633967
831314
243618
193061
167739
607907
441288
874660
616871
887792
876684
844226
576533
417767
522303
371283
484460
382917
41115
223137
328524
612214
807262
333324
674558
888750
87956
538331
931108
536633
920863
115413
893292
927666
792018
57281
344339
853725
275922
501637
391102
935569
437565
998503
55764
645516
204229
723944
720659
21477
887059
810767
71041
770605
182689
79207
253779
222653
866682
262464
498144
442070
307278
999229
642594
766728
460520
604077
223723
621910
113539
836608
39937
577173
650408
670167
311758
445810
609832
909486
907468
976213
599687
588606
82054
643346
711462
925987
389547
121916
773637
364732
718912
352644
777760
615936
322720
815243
318226
618404
430759
589764
198062
815677
489412
376647
69946
700481
750860
805514
821015
490396
122077
792742
303829
17922
430191
646445
197091
762512
658749
729139
354473
111638
848286
543330
866874
666234
626463
745676
284967
995537
390698
117798
502085
225523
2879
699035
308649
44087
698270
461548
216643
52354
849270
663232
495879
662270
434799
112028
693097
152486
791485
356529
213556
324807
939731
513808
829636
616596
937127
343613
385579
22109
586947
63539
896899
643331
199580
916715
988030
922589
446654
429545
178316
692586
597841
80172
843937
257635
619093
423633
385373
814073
86132
743070
684453
217384
263967
409029
202097
189909
175802
343129
297986
235670
845022
205623
919017
710626
846881
751472
235925
767723
418668
210134
565779
128874
552670
456020
978672
559316
813456
529170
957845
149282
837914
521827
861157
788259
640455
785273
439460
984842
126522
787564
246583
609417
890280
569602
654653
640467
293642
55341
399892
647022
960123
103540
887149
911423
100435
112540
100454
293042
892371
782665
6288
162640
626211
200657
469274
514542
899345
983860
379448
69599
89787
132384
17809
248612
180959
536715
834465
478803
680153
198073
878254
709911
532252
920832
448302
104033
871008
35690
388557
140825
861416
746058
607038
352331
110717
121880
29233
56593
507202
506509
350600
283592
833947
51360
629442
503629
481862
783406
187987
330283
1610
712974
316206
403461
763910
231288
791181
78182
853507
616500
374336
704108
989873
582848
550761
353166
298738
105343
39447
185013
40715
910953
963625
398845
95828
635028
64337
178464
887037
253568
915074
70315
220981
342239
277236
340958
451598
321486
168051
347810
460588
484440
565220
400181
289967
4652
740999
429416
703220
638694
305613
357442
661776
40556
827967
712517
138412
456557
201431
941591
592622
640279
183589
799375
189541
776293
102453
79501
834096
629578
707546
807432
737445
822526
301962
614062
800520
780523
348056
842943
530238
864147
167272
240686
292227
924183
797651
98201
395629
313605
395837
91759
496496
551412
561166
152547
151414
461131
732586
371410
481655
609984
477329
329467
15657
116550
663105
1464
230216
945602
675707
